9580
10074
10658
11022
11431
11732
11750
11981
12753
13559
14210
14954
15039
15211
15451
16027
16688
17032
17757
18480
18827
19422
19674
20570
21487
22164
22553
23552
23862
24409
25362
26103
26936
27712
28659
28940
28948
29922
30563
30829
31165
32034
32417
32848
33729
33751
34315
34389
35171
35773
35829
36643
37388
38024
38964
39333
39787
40200
40541
41356
42297
42381
42418
42983
43739
44607
44967
45320
45471
46201
46663
46806
46853
47047
47177
47610
48260
48273
48969
49396
49484
50164
50254
50536
51154
51745
52298
53271
53458
54193
54995
55188
55741
56476
57124
58014
58653
59537
59645
59737
