951
1295
1693
2012
2601
2956
3653
4133
4148
4312
4852
5179
5844
6720
7694
8098
8310
8341
8858
8947
9901
10463
10495
10562
11129
11833
12754
12936
13893
14843
15323
15998
16762
17276
17570
17912
18034
18209
18535
19451
20094
20910
21248
21855
22222
23114
23368
23621
24415
24873
25320
25689
26186
26756
27589
28406
28611
28807
28968
29513
30277
30864
31531
31802
32495
32941
33206
33323
34267
34645
35322
36017
36657
37497
37511
38167
38311
38580
38953
39250
39937
40659
40980
41915
41923
42382
42514
42929
43848
44248
44992
45704
46111
46687
46736
46834
47680
47703
48305
48796
