6991
7179
7592
7750
7772
8727
9712
9996
10864
11299
12295
12956
13072
13482
13488
14078
14463
15191
16152
16520
16860
17641
18284
18465
18557
19318
20132
20412
21349
21966
22170
23073
23772
24481
25206
26016
26850
27541
28184
28969
29150
29507
30447
30984
31025
31575
32511
32859
33087
33910
34868
35431
35884
36220
36739
37213
37860
38635
39324
40001
40478
40872
41780
42497
42974
43661
44178
44521
44852
44852
45178
45840
46097
46795
47026
47034
47836
48195
48536
48805
49173
50006
50201
50725
51690
51745
51872
52193
52872
53854
54156
54438
54591
54735
55158
56130
56710
57579
58560
58573
