2478
3440
4295
4655
4799
5332
5822
6273
6365
6479
6854
7144
7658
7685
8604
9226
9258
9535
10250
10323
10736
11107
12032
13000
13536
14437
14676
14903
15051
15574
16194
16343
16581
17164
18029
18126
19110
19886
20193
20405
21092
21717
22698
22960
23170
24083
24589
24989
25211
25887
26618
27091
27498
27812
27952
28521
28900
29340
29860
30567
31140
31150
31751
32686
33298
33662
34142
34765
35147
35475
35922
36117
36531
36591
37257
37380
38032
38535
38697
39317
40303
40896
41443
41852
42402
43227
43401
44153
44243
44717
45105
45229
45370
45479
46157
46460
46689
47598
48235
49078
