5049
5181
5598
5990
6279
6375
6700
7161
7329
8055
8496
9111
9996
10932
11316
12184
13124
13311
13543
13959
14109
14870
15830
15958
16601
17245
17660
18330
18651
19271
20176
21135
21616
22264
22651
23052
24009
24117
24952
25741
26330
27137
27959
28681
29578
30450
30572
31500
32258
32752
33200
33748
34656
34886
35168
35269
35814
36262
36286
36860
37069
37105
37920
38447
39272
39552
39795
40499
40717
41108
42088
42611
42843
43070
43679
44588
44983
45116
45784
46263
46353
46501
47138
47275
47548
47612
47839
48009
48117
48317
49223
49836
50798
50824
51626
52583
53460
53859
54003
54872
