724
1301
1382
1528
1788
2206
2620
3235
3479
3958
4139
4328
4509
5024
5342
6115
6272
6810
7755
8031
8970
9411
10246
10954
11273
12107
12299
13192
13508
14381
14458
14860
15219
16194
16638
17572
17837
18035
18379
19171
19578
19595
19908
20363
21245
21941
22622
23311
23757
23874
24052
24403
24469
25279
25655
25825
26222
26316
26491
26999
27892
28537
28837
29329
29397
30376
30910
31218
31526
32083
33011
33345
33532
33600
34313
34465
34906
34951
35100
35912
35938
36362
36438
36795
37221
38175
38468
38864
39017
39998
40084
40584
41164
42054
42881
43480
43640
44181
44797
45146
