3196
3404
4187
5148
5644
5885
6158
6242
6337
7155
8095
8819
9099
9197
10169
10383
10955
11838
12173
12239
12683
13457
14091
14119
14275
14729
14942
15006
15818
16048
16096
16666
17329
17977
18468
19042
19129
19574
20487
20634
21277
21777
22004
22928
22951
23359
23519
23932
24022
24603
25407
25457
26402
26804
27179
28089
28791
29739
29878
30653
30845
31607
32440
32618
32648
33396
33516
33751
33907
34903
35782
36186
37002
37216
37260
37599
38581
38806
39470
39754
39755
40188
40639
41469
41744
42246
42871
43533
43835
44230
44354
45353
46160
47047
47674
47711
47977
48033
48943
49898
