5710
6675
7104
7535
8145
8541
8928
9210
9618
10494
10935
11327
11613
12560
12617
12853
13244
13543
14252
14561
14827
15743
16142
16648
17190
17459
17706
17930
18243
18482
18813
18936
19366
19412
20074
20403
20416
20481
21079
21791
22772
23189
23200
23396
23819
24102
24780
25241
25452
25792
26607
26895
27558
28471
28636
29417
29872
30779
31719
32020
32691
33544
34298
34827
35453
35694
35840
36720
37009
37791
37944
37984
38647
38688
38916
39643
40462
41053
41800
42749
43463
43505
43987
44138
44582
44597
45376
46212
46715
47435
48381
48474
49139
49775
50008
50191
50906
51716
51728
52452
