9371
9725
10519
11313
11872
12015
12143
12447
12826
13794
14747
15029
15749
15892
16359
16935
17127
17674
17772
18762
19192
19225
19259
19298
19904
20543
21184
22141
22343
22626
23062
23729
23858
24138
24589
25064
25777
26277
26856
27354
27865
27924
28534
28760
29213
29370
30063
30303
30693
31659
32635
33286
33324
33652
34028
34873
35438
36136
36865
37132
37802
38658
38917
38964
39148
39726
40445
41342
41853
42539
43269
43389
43766
44733
45615
45748
46719
47080
48037
48571
49409
50105
50334
50377
50631
51089
51141
51197
51693
52214
53157
53308
53309
53378
53389
53592
54419
54901
55782
56300
