4551
5215
5721
6076
6854
7672
8495
9395
9616
9668
10489
11230
11983
12289
12366
12694
12858
13228
13695
14342
14872
15726
16620
16935
17753
18328
18688
19614
19824
20500
21195
21748
21773
21847
22762
23061
23533
23574
24369
24763
25099
25674
25756
26669
27519
28253
28700
29182
29580
29807
29989
30567
30668
31263
31367
31643
32589
32626
33064
33549
33827
34781
34900
35232
35968
36015
36938
37551
37720
38483
38857
39193
39289
39772
40486
40761
41414
41538
42103
43033
44008
44734
45161
45366
45487
46178
46766
46964
47946
47949
48527
49276
49947
50779
50966
50984
51670
52253
52902
53309
